|	R	|	h	|	V	|	S	|
-----------------------------------------------------------------
	5	|	10	|	261.792	|	175.615
-----------------------------------------------------------------
	3	|	7	|	65.9715	|	71.7748
-----------------------------------------------------------------
	8	|	12	|	804.224	|	362.459
-----------------------------------------------------------------
	6	|	9	|	339.282	|	203.883
-----------------------------------------------------------------
	2	|	5	|	20.9433	|	33.835
-----------------------------------------------------------------
	4	|	8	|	134.037	|	112.394
-----------------------------------------------------------------
	9	|	15	|	1272.31	|	494.584
-----------------------------------------------------------------
	7	|	11	|	564.423	|	286.721
-----------------------------------------------------------------
	1	|	3	|	3.1415	|	9.9343
-----------------------------------------------------------------
	10	|	14	|	1466.03	|	540.484
-----------------------------------------------------------------
	12	|	18	|	2714.26	|	815.532
-----------------------------------------------------------------
	11	|	17	|	2154.02	|	699.716
-----------------------------------------------------------------
	13	|	20	|	3539.42	|	974.174
-----------------------------------------------------------------
	15	|	22	|	5183.47	|	1254.73
-----------------------------------------------------------------
	14	|	21	|	4310.14	|	1110.03
-----------------------------------------------------------------
